"","ID","Visit","MOT_MLU","MOT_LUstd","CHI_MLU","CHI_LUstd","types_MOT","types_CHI","tokens_CHI","Ethnicity","Diagnosis","Gender","Age","ADOS.x","ADOS.y","nonverbalIQ","verbalIQ"
"1","1",1,3.621993127,2.164552956,1.252252252,0.473980052,378,14,139,"White","TD","F",19.8,0,0,28,14
"2","1",2,3.857366771,2.417938569,1.013605442,0.115846166,403,18,148,"White","TD","F",23.93,NA,0,28,14
"3","1",3,4.321880651,2.517463506,1.556886228,0.747088484,455,97,255,"White","TD","F",27.7,NA,0,28,14
"4","1",4,4.415329768,2.449572761,2.251572327,1.578027403,533,133,321,"White","TD","F",32.9,NA,0,28,14
"5","1",5,5.209615385,2.814164695,3.238095238,2.355940049,601,182,472,"White","TD","F",35.9,0,0,28,14
"6","1",6,4.664012739,2.765260693,2.865168539,2.247883788,595,210,686,"White","TD","F",40.13,NA,0,28,14
"7","2",1,4.098445596,2.612375424,2.276859504,1.443781784,317,146,461,"White","ASD","F",28.8,13,13,34,27
"8","2",2,4.964664311,2.499220121,3.453038674,2.267779147,307,171,562,"White","ASD","F",33.17,NA,13,34,27
"9","2",3,4.147058824,2.803221869,3.119318182,2.206002038,351,262,983,"White","ASD","F",37.07,NA,13,34,27
"10","2",4,5.309803922,2.842620643,4.302325581,2.531521132,335,200,674,"White","ASD","F",41.07,NA,13,34,27
"11","2",6,4.588477366,2.783584846,3.41350211,2.323496559,304,245,698,"White","ASD","F",49.7,NA,13,34,27
"12","3",1,3.757269279,2.350833217,1.877697842,0.963061901,334,51,260,"White","TD","M",23.5,1,1,29,18
"13","3",2,4.57208589,2.600616952,2.641860465,1.644473841,464,149,530,"White","TD","M",27.83,NA,1,29,18
"14","3",3,5.134892086,2.768944912,2.691629956,1.9626626,482,164,542,"White","TD","M",31.83,NA,1,29,18
"15","3",4,5.301052632,2.912025692,3.92920354,2.673093777,449,206,754,"White","TD","M",35.53,NA,1,29,18
"16","3",5,4.566037736,2.792686545,3.298578199,2.122090507,534,207,588,"White","TD","M",39.47,0,1,29,18
"17","3",6,5.229885057,3.014147292,3.710344828,2.162110212,486,173,460,"White","TD","M",45.07,NA,1,29,18
"18","4",1,3.459369818,2.216235345,2.097222222,1.281922625,379,102,269,"White/Latino","ASD","F",31.03,8,8,31,27
"19","4",2,4.130337079,2.607870736,2.56302521,1.845451622,343,170,555,"White/Latino","ASD","F",35.3,NA,8,31,27
"20","4",3,3.818681319,2.420550542,3.518072289,2.674563114,388,165,490,"White/Latino","ASD","F",38.9,NA,8,31,27
"21","4",4,4.30162413,2.367014656,3.257142857,2.208333012,356,163,479,"White/Latino","ASD","F",43.13,NA,8,31,27
"22","4",5,4.602851324,2.611098047,4.043478261,2.367869357,397,146,539,"White/Latino","ASD","F",47.4,9,8,31,27
"23","4",6,3.532374101,2.574647167,3.278195489,2.537992171,410,166,738,"White/Latino","ASD","F",51.37,NA,8,31,27
"24","5",1,3.986357435,2.500713015,1.394736842,0.689754864,324,57,197,"White","ASD","F",34.03,9,9,34,27
"25","5",2,4.886645963,2.398474268,2.574358974,2.126356936,441,152,487,"White","ASD","F",37.57,NA,9,34,27
"26","5",3,4.198973042,2.52183257,2.532407407,1.848138638,412,159,468,"White","ASD","F",41.57,NA,9,34,27
"27","5",4,4.744,2.538988775,2.907258065,2.374993154,384,187,604,"White","ASD","F",45.53,NA,9,34,27
"28","5",5,4.292134831,2.642361249,2.423280423,1.752001978,418,144,404,"White","ASD","F",49.3,9,9,34,27
"29","5",6,4.587179487,2.68592528,2.766519824,2.358437427,462,179,538,"White","ASD","F",54.13,NA,9,34,27
"30","6",1,2.618729097,1.935874244,1,0,212,4,29,"Bangladeshi","ASD","M",26.17,17,17,20,17
"31","6",2,1.995884774,1.681411181,0.760683761,0.812820063,140,29,149,"Bangladeshi","ASD","M",30.27,NA,17,20,17
"32","6",3,1.856115108,1.327957002,1.169811321,0.422742576,74,12,62,"Bangledeshi","ASD","M",34.57,NA,17,20,17
"33","6",4,2.035714286,1.782497102,1.714285714,1.979486637,125,50,205,"Bangladeshi","ASD","M",38.47,NA,17,20,17
"34","6",5,1.948453608,1.795591015,1.636363636,1.450194026,92,80,349,"Bangladeshi","ASD","M",42.43,8,17,20,17
"35","6",6,2.483146067,2.109967568,1.496732026,1.786383439,158,66,300,"Bangladeshi","ASD","M",46.53,NA,17,20,17
"36","7",1,2.244755245,1.510877961,1.264150943,0.717725532,152,29,130,"White","ASD","M",41,18,18,24,14
"37","7",2,2.417344173,1.789557936,1.321167883,0.782419106,186,42,169,"White","ASD","M",49.2,NA,18,24,14
"38","7",3,2.633928571,1.956348955,1.397435897,0.882010285,196,50,210,"White","ASD","M",49.2,NA,18,24,14
"39","7",4,2.736842105,1.95588465,1.911564626,1.231254932,198,126,494,"White","ASD","M",52.27,NA,18,24,14
"40","7",5,3.992094862,2.278950065,1.52991453,1.800155025,234,73,194,"White","ASD","M",57.73,17,18,24,14
"41","8",1,3.265082267,2.151723543,1.56,1.227354879,288,59,143,"White","TD","F",20.1,5,5,32,31
"42","8",2,3.967213115,2.375194302,1.601910828,1.459908877,305,122,554,"White","TD","F",24.07,NA,5,32,31
"43","8",4,4.658333333,2.519079969,3.026595745,2.045840385,375,134,493,"White","TD","F",32.07,NA,5,32,31
"44","8",5,4.564102564,2.514520618,1.940860215,1.603674313,387,40,323,"White","TD","F",36.07,5,5,32,31
"45","8",6,4.366972477,2.542581283,2.225806452,2.006060882,322,64,197,"White","TD","F",40.17,NA,5,32,31
"46","9",1,3.544419134,2.272387397,1.037878788,0.190903078,363,36,137,"White","TD","M",18.3,0,0,24,18
"47","9",2,4.079059829,2.465174005,1.61627907,0.966516216,369,45,132,"White","TD","M",23.73,NA,0,24,18
"48","9",3,4.592592593,2.546414139,1.83203125,1.134985792,369,129,453,"White","TD","M",26.63,NA,0,24,18
"49","9",4,4.262195122,2.494374496,2.775641026,2.030453145,400,121,390,"White","TD","M",31.07,NA,0,24,18
"50","9",5,4.384946237,2.698504016,2.835820896,1.91301134,428,121,346,"White","TD","M",35,1,0,24,18
"51","10",1,4.204845815,2.384766882,1.0375,0.189983552,289,15,83,"White","TD","F",19.27,3,3,27,18
"52","10",2,4.37883959,2.438981495,1.12,0.381575681,358,18,55,"White","TD","F",23.83,NA,3,27,18
"53","10",3,4.298941799,2.786123768,1.552,0.916130995,409,55,188,"White","TD","F",28.53,NA,3,27,18
"54","10",4,3.790896159,2.701419925,1.647940075,1.032988405,411,96,414,"White","TD","F",32.43,NA,3,27,18
"55","10",5,3.867601246,2.639192417,2.28358209,1.530511931,359,97,431,"White","TD","F",36.53,5,3,27,18
"56","10",6,4.235584843,2.51168976,2.705128205,1.868147131,400,73,189,"White","TD","F",40.43,NA,3,27,18
"57","11",1,3.380462725,2.2145183,1.21686747,0.412111599,215,24,101,"White","TD","F",19.23,0,0,21,15
"58","11",2,2.821917808,2.064656698,1.063063063,0.243076352,185,50,117,"White","TD","F",NA,NA,0,21,15
"59","11",3,3.940711462,2.524277905,1.5234375,0.838197879,227,56,193,"White","TD","F",27.27,NA,0,21,15
"60","11",4,4.732732733,2.515545191,2.134831461,1.533821044,272,88,354,"White","TD","F",31.2,NA,0,21,15
"61","11",5,4.543209877,2.52052994,2.548245614,1.826305467,276,148,513,"White","TD","F",35.63,0,0,21,15
"62","11",6,4.287581699,2.747959915,2.757142857,2.195356881,260,168,666,"White","TD","F",40.27,NA,0,21,15
"63","12",1,4.195335277,2.280550632,1.087719298,0.282886237,235,17,62,"White","TD","F",20.07,0,0,30,16
"64","12",2,3.444664032,2.205343221,1.364779874,0.56547841,297,72,203,"White","TD","F",23.83,NA,0,30,16
"65","12",3,4.974683544,2.728075705,3.185770751,2.16353975,318,169,733,"White","TD","F",28.27,NA,0,30,16
"66","12",4,3.988304094,2.626870381,3,2.175935173,197,122,243,"White","TD","F",32.07,NA,0,30,16
"67","12",5,4.910493827,2.669214247,4.364754098,2.577119441,290,222,916,"White","TD","F",35.87,0,0,30,16
"68","12",6,4.468493151,2.574313406,3.504950495,2.50395237,339,201,640,"White","TD","F",41.5,NA,0,30,16
"69","13",1,3.960254372,2.133093904,1.574074074,0.646028279,329,69,249,"White","TD","F",19,0,0,25,17
"70","13",2,3.817109145,2.247686957,1.476190476,0.815106799,411,119,393,"White","TD","F",22.97,NA,0,25,17
"71","13",3,3.871967655,2.383353356,2.079881657,1.348726328,435,139,630,"White","TD","F",27.07,NA,0,25,17
"72","13",4,4.083700441,2.429695471,2.798283262,2.025078087,463,203,538,"White","TD","F",31.03,NA,0,25,17
"73","13",5,4.487841945,2.740111466,3.230113636,2.483102437,511,247,932,"White","TD","F",35.37,0,0,25,17
"74","13",6,4.84741784,2.694579048,3.701195219,2.707956141,388,210,864,"White","TD","F",39.4,NA,0,25,17
"75","14",1,3.420315236,2.273399186,1.03960396,0.195026887,287,7,105,"White","TD","F",18.97,0,0,23,17
"76","14",2,3.239831697,2.300066704,1.074468085,0.311915668,346,65,297,"White","TD","F",22.87,NA,0,23,17
"77","14",3,3.848175182,2.436405818,1.185507246,0.499644906,378,92,368,"White","TD","F",26.8,NA,0,23,17
"78","14",4,3.801292407,2.375344194,2.317829457,1.462632734,369,158,557,"White","TD","F",31.47,NA,0,23,17
"79","14",5,4.446280992,2.396451968,3.375,2.348335161,390,238,755,"White","TD","F",35.1,0,0,23,17
"80","14",6,4.664285714,2.73237394,3.811403509,2.794802782,359,178,793,"White","TD","F",39.43,NA,0,23,17
"81","15",1,3.967078189,2.302920516,1.164705882,0.481347589,277,27,99,"White","TD","F",19.27,0,0,24,15
"82","15",2,4.2248394,2.675686333,1.046052632,0.238934471,363,25,159,"White","TD","F",24.8,NA,0,24,15
"83","15",3,4.182978723,2.569983786,1.440860215,0.73268347,409,92,252,"White","TD","F",28.1,NA,0,24,15
"84","15",4,4.584070796,2.612853401,2.561320755,1.878632118,357,161,495,"White","TD","F",31.27,NA,0,24,15
"85","15",5,4.165413534,2.486597008,2.469135802,1.956858277,356,69,160,"White","TD","F",35.9,3,0,24,15
"86","15",6,4.347708895,2.570905822,2.869047619,2.086120584,327,156,410,"White","TD","F",40.3,NA,0,24,15
"87","16",1,4.910189983,2.496743952,1.598837209,0.720625404,375,90,254,"White","TD","F",21.67,0,0,29,26
"88","16",2,4.750455373,2.491812599,2.744107744,1.909177012,391,196,733,"White","TD","F",26.27,NA,0,29,26
"89","16",3,4.164788732,2.751112379,2.807692308,2.169244408,408,200,825,"White","TD","F",30.63,NA,0,29,26
"90","16",4,4.251604621,2.778674866,2.322580645,1.807116149,508,231,793,"White","TD","F",34.27,NA,0,29,26
"91","16",5,5.433579336,2.515306961,3.10952381,2.134167566,517,219,583,"White","TD","F",38.17,0,0,29,26
"92","16",6,4.44587156,2.582457833,2.948207171,2.324584265,491,250,710,"White","TD","F",42.93,NA,0,29,26
"93","17",1,3.182389937,2.269629988,1.027777778,0.16433555,281,9,37,"White","ASD","F",34.8,14,14,25,11
"94","17",2,2.947229551,2.268834736,1.0125,0.249687304,243,7,82,"White","ASD","F",38.73,NA,14,25,11
"95","17",3,2.919168591,2.221130364,1,0,252,2,58,"White","ASD","F",NA,NA,14,25,11
"96","17",5,3.996070727,2.788550877,1,0,475,6,9,"White","ASD","F",50.93,15,14,25,11
"97","17",6,3.650234742,2.61311471,1,0,281,3,37,"White","ASD","F",54.43,NA,14,25,11
"98","18",1,3.587855297,2.282255401,1.794871795,1.066494069,467,108,406,"White","TD","F",20.77,0,0,29,33
"99","18",2,4.357910906,2.588408154,2.722033898,2.019571006,461,160,738,"White","TD","F",26.13,NA,0,29,33
"100","18",3,4.116057234,2.456142432,3.34,2.284235831,487,201,940,"White","TD","F",30.03,NA,0,29,33
"101","18",4,4.131578947,2.684468512,3.212820513,2.422827283,565,207,1092,"White","TD","F",34.43,NA,0,29,33
"102","18",5,3.877102199,2.561362001,3.090277778,2.369989435,575,219,769,"White","TD","F",38.7,0,0,29,33
"103","18",6,4.013353116,2.74993386,2.909535452,2.244064604,516,235,1079,"White","TD","F",44.07,NA,0,29,33
"104","19",1,2.539823009,1.994618416,1.359550562,0.760650092,283,89,227,"White","ASD","F",35.8,11,11,28,20
"105","19",2,3.17,2.210226233,1.486725664,0.832046674,315,86,335,"White","ASD","F",39.93,NA,11,28,20
"106","19",3,3.615176152,2.334700536,1.905263158,1.236069187,298,88,330,"White","ASD","F",43.9,NA,11,28,20
"107","19",4,2.762463343,2.070431076,1.617940199,0.821357605,248,87,455,"White","ASD","F",47.83,NA,11,28,20
"108","19",5,4.157190635,2.355958815,1.584,0.92246626,328,45,197,"White","ASD","F",51.97,9,11,28,20
"109","19",6,3.156695157,2.184105863,2.145038168,1.414872677,256,55,274,"White","ASD","F",56.73,NA,11,28,20
"110","20",1,2.524739583,2.141337305,0.185714286,0.456472723,321,16,214,"White","ASD","F",18.77,9,9,26,14
"111","20",2,2.841004184,2.07793565,1.08,0.611228272,288,73,362,"White","ASD","F",22.5,NA,9,26,14
"112","20",3,4.063517915,2.574152022,1.610932476,1.292972385,361,132,503,"White","ASD","F",26.77,NA,9,26,14
"113","20",4,4.560200669,2.703067988,2.248538012,1.747072965,422,153,717,"White","ASD","F",30.8,NA,9,26,14
"114","20",5,4.837883959,2.543008543,2.250673854,2.098444637,506,219,792,"White","ASD","F",34.13,8,9,26,14
"115","20",6,5.37979798,2.712707835,2.902777778,2.499035308,433,155,590,"White","ASD","F",37.3,NA,9,26,14
"116","21",1,4.390879479,3.068753135,1,0,485,8,122,"African American","ASD","F",27.53,21,21,22,8
"117","21",2,3.381510417,2.630257,1.04,0.195959179,426,9,78,"African American","ASD","F",31.8,NA,21,22,8
"118","21",3,3.646778043,2.463927415,2,1.224744871,434,13,96,"African American","ASD","F",36.17,NA,21,22,8
"119","21",4,3.600624025,2.632972182,0.272727273,0.525613152,427,10,93,"African American","ASD","F",40.27,NA,21,22,8
"120","21",5,4.019230769,2.814730378,0.2,0.4,373,2,5,"African American","ASD","F",44.7,19,21,22,8
"121","21",6,3.943636364,2.819817121,0.5,0.5,388,2,2,"African American","ASD","F",48.97,NA,21,22,8
"122","22",1,3.63047619,2.452719533,1.237113402,0.492692913,343,36,118,"White","TD","M",18.93,0,0,21,19
"123","22",2,3.978599222,2.615712992,1.780487805,1.004353008,392,121,414,"White","TD","M",22.9,NA,0,21,19
"124","22",3,3.094879518,2.307995072,1.454954955,0.687892556,432,112,305,"White","TD","M",26.67,NA,0,21,19
"125","22",4,3.991666667,2.638483887,2.374074074,1.562546021,480,169,592,"White","TD","M",30.93,NA,0,21,19
"126","22",5,4.746606335,2.66857865,3.7,2.282542442,436,178,686,"White","TD","M",35.13,0,0,21,19
"127","22",6,4.211320755,2.707896237,3.091194969,2.28087161,478,221,847,"White","TD","M",39.23,NA,0,21,19
"128","23",1,3.024547804,2.278007877,1.432432432,1.115990423,328,41,103,"White/Latino","ASD","F",27.37,14,14,25,19
"129","23",2,2.903722721,1.989632695,1.427350427,1.040350363,301,61,157,"White/Latino","ASD","F",32.1,NA,14,25,19
"130","23",3,3.215859031,2.048339725,1.086330935,0.280852105,259,29,148,"White/Latino","ASD","F",35.93,NA,14,25,19
"131","23",4,3.012594458,2.349198388,1.097402597,0.452546626,270,21,162,"White/Latino","ASD","F",42.23,NA,14,25,19
"132","23",5,2.822259136,2.020649927,1.413333333,0.767564691,306,50,197,"White/Latino","ASD","F",44.93,14,14,25,19
"133","23",6,3.534172662,2.459876115,1.305263158,0.754965098,372,47,236,"White/Latino","ASD","F",47.5,NA,14,25,19
"134","24",1,2.917355372,2.073392146,1.083333333,0.399652627,193,6,26,"White","ASD","F",37.47,20,20,13,11
"135","24",2,3.815140845,2.525081852,1,0,434,6,32,"White","ASD","F",42.2,NA,20,13,11
"136","24",3,3.910447761,2.50510728,1,0,344,1,40,"White","ASD","F",46.37,NA,20,13,11
"137","24",4,3.814814815,2.655874509,1.203252033,0.597547149,353,29,143,"White","ASD","F",52.13,NA,20,13,11
"138","24",5,4.421221865,2.59223422,1,0,303,4,34,"White","ASD","F",57.2,17,20,13,11
"139","24",6,3.860795455,2.583920436,1.168,0.485567709,309,62,143,"White","ASD","F",62.4,NA,20,13,11
"140","25",1,4.6432,2.619139889,1.582733813,0.838800793,373,71,433,"White","TD","F",21.77,0,0,29,22
"141","25",2,4.6,2.552728494,2.484732824,1.413456231,419,145,623,"White","TD","F",25.47,NA,0,29,22
"142","25",3,4.127941176,2.433186339,2.804216867,2.144110803,455,217,826,"White","TD","F",30.13,NA,0,29,22
"143","25",4,5.3625,2.914683424,3.731092437,2.895076896,553,291,1225,"White","TD","F",34,NA,0,29,22
"144","25",5,4.267409471,2.686149708,2.74137931,2.069360594,578,298,1145,"White","TD","F",37.93,0,0,29,22
"145","25",6,4.472992701,2.718079605,3.061452514,2.368701908,555,237,1010,"White","TD","F",42.47,NA,0,29,22
"146","26",1,4.690751445,2.545488134,3.4,1.72257735,278,119,483,"White","ASD","F",30.4,11,11,32,33
"147","26",3,4.31627907,2.713868794,3.919689119,2.370211487,333,307,1293,"White","ASD","F",38.6,NA,11,32,33
"148","26",4,4.857142857,2.675294005,3.523809524,2.537697637,398,188,714,"White","ASD","F",42.63,NA,11,32,33
"149","26",5,4.34551495,2.772711379,3.291989664,2.229706165,437,261,1154,"White","ASD","F",46.93,4,11,32,33
"150","26",6,4.111413043,2.889463649,3.364341085,2.596771951,452,273,1249,"White","ASD","F",51,NA,11,32,33
"151","27",1,3.61686747,2.261293972,1.366197183,0.676349702,317,37,95,"White","TD","F",21.03,0,0,26,18
"152","27",2,3.869653768,2.275190662,1.422857143,0.780873399,287,72,236,"White","TD","F",25.23,NA,0,26,18
"153","27",3,3.846625767,2.504595748,1.497607656,0.913086159,318,89,299,"White","TD","F",29.07,NA,0,26,18
"154","27",4,3.973469388,2.627427974,1.740585774,1.240725119,364,114,384,"White","TD","F",33.3,NA,0,26,18
"155","27",5,3.479392625,2.297340833,2.179190751,1.626096938,327,114,318,"White","TD","F",37.73,0,0,26,18
"156","27",6,4.254504505,2.57685514,2.48,1.881087156,385,154,530,"White","TD","F",41.17,NA,0,26,18
"157","28",1,2.788793103,2.055953154,1.275862069,0.471964716,178,34,111,"White","TD","F",19.93,0,0,20,16
"158","28",2,3.367292225,2.325220717,1.655737705,1.011711409,255,71,258,"White","TD","F",23.57,NA,0,20,16
"159","28",3,3.210084034,2.392356934,1.836909871,1.182494953,233,131,403,"White","TD","F",27.03,NA,0,20,16
"160","28",4,3.683406114,2.585268092,2.35,1.52834333,309,139,502,"White","TD","F",31,NA,0,20,16
"161","28",5,3.708933718,2.370327076,3.585253456,1.958877713,272,177,622,"White","TD","F",36.43,0,0,20,16
"162","28",6,4.23943662,2.588671747,2.960784314,2.244477181,391,164,521,"White","TD","F",39.43,NA,0,20,16
"163","29",1,3.304189435,2.372505061,1.00862069,0.092446597,295,6,117,"White","ASD","F",34.87,17,17,26,14
"164","29",2,4.003072197,2.624472401,1.011428571,0.150753211,331,18,177,"White","ASD","F",38.13,NA,17,26,14
"165","29",3,4.382550336,2.788031264,0.684210526,0.464829519,345,13,39,"White","ASD","F",43.1,NA,17,26,14
"166","29",4,3.885113269,2.556432031,0.894736842,0.306892205,361,13,39,"White","ASD","F",46.63,NA,17,26,14
"167","29",5,4.872013652,2.748068209,0.255319149,0.617754517,415,9,179,"White","ASD","F",50.97,20,17,26,14
"168","29",6,4.34935305,2.639446349,1.288343558,0.788910302,454,52,204,"White","ASD","F",55.17,NA,17,26,14
"169","30",1,3.607087827,2.340376287,0.9,0.435889894,366,11,21,"White","ASD","F",36.53,12,12,31,13
"170","30",2,3.843410853,2.501219701,1.026548673,0.160760196,403,15,116,"White","ASD","F",40.5,NA,12,31,13
"171","30",3,4.015698587,2.498301782,1.006666667,0.081377037,430,21,151,"White","ASD","F",44.67,NA,12,31,13
"172","30",4,3.961832061,2.661299058,1.125,0.370341434,409,26,79,"White","ASD","F",48.1,NA,12,31,13
"173","30",5,3.859623734,2.554013754,0.413043478,0.670045,465,42,193,"White","ASD","F",52.9,15,12,31,13
"174","30",6,4.341549296,2.704892358,1.084337349,0.887731905,425,101,195,"White","ASD","F",56.43,NA,12,31,13
"175","31",1,3.494327391,2.302218698,1.533333333,1.066666667,322,91,319,"White","TD","F",23.13,0,0,27,22
"176","31",2,4.222033898,2.450843355,2.248148148,1.615175801,405,141,542,"White","TD","F",27.7,NA,0,27,22
"177","31",3,3.552459016,2.378462553,2.987525988,2.16757678,396,233,1246,"White","TD","F",32.07,NA,0,27,22
"178","31",4,3.667638484,2.511263714,2.727272727,2.173550352,480,186,750,"White","TD","F",35.03,NA,0,27,22
"179","31",5,3.906856404,2.65850527,2.142061281,1.880670534,491,211,690,"White","TD","F",39.53,0,0,27,22
"180","31",6,3.603473227,2.723471348,2.071748879,1.785406735,475,185,418,"White","TD","F",43.8,NA,0,27,22
"181","32",1,3.686346863,2.650864569,1.5,0.5,228,3,3,"White","ASD","F",34.27,21,21,21,9
"182","32",2,4.142561983,2.80022255,1,0,454,2,7,"White","ASD","F",38.33,NA,21,21,9
"183","32",3,3.990825688,2.685316556,1,0,323,1,1,"White","ASD","F",42.13,NA,21,21,9
"184","32",4,3.743333333,2.51676821,1,0,352,6,14,"White","ASD","F",47.1,NA,21,21,9
"185","32",5,3.414893617,2.501104328,1,0,355,3,33,"White","ASD","F",50.73,20,21,21,9
"186","32",6,4.003257329,2.537020196,2.631578947,1.458569101,585,12,100,"White","ASD","F",54.63,NA,21,21,9
"187","33",1,2.287292818,1.928358838,1.25,0.574767034,206,13,35,"African American","ASD","M",25.33,14,14,25,11
"188","33",2,2.879924953,1.998270921,1,0,285,2,10,"African American","ASD","M",29.7,NA,14,25,11
"189","33",3,3.404958678,2.157357246,1.083333333,0.399652627,272,3,26,"African American","ASD","M",34.1,NA,14,25,11
"190","33",4,3.110932476,2.09014902,1.210084034,0.808296784,281,18,142,"African American","ASD","M",36.93,NA,14,25,11
"191","33",5,4.185416667,2.737280401,0.675675676,1.140271519,383,9,42,"African American","ASD","M",42.97,25,14,25,11
"192","33",6,3.965391621,2.431705587,0.753623188,0.93879042,326,14,79,"African American","ASD","M",46.17,NA,14,25,11
"193","34",1,2.743455497,1.892986946,1.376623377,0.635302587,214,67,180,"White","ASD","F",33.77,10,10,27,22
"194","34",2,2.667721519,2.265670298,1.948113208,1.274623965,220,100,368,"White","ASD","F",38.13,NA,10,27,22
"195","34",3,3.866834171,2.307918536,1.805687204,1.120750374,318,100,365,"White","ASD","F",43,NA,10,27,22
"196","34",4,3.997126437,2.37382586,2.196261682,1.376975233,321,107,438,"White","ASD","F",46.13,NA,10,27,22
"197","34",5,3.419664269,2.355441047,2.575892857,1.402659816,298,120,537,"White","ASD","F",50.3,16,10,27,22
"198","34",6,3.370936902,2.314654553,2.274509804,1.585206504,342,157,605,"White","ASD","F",53.77,NA,10,27,22
"199","35",1,3.561363636,2.229116815,1.264150943,0.554601451,291,24,260,"White","TD","F",19.3,1,1,23,21
"200","35",2,3.636518771,2.275248364,1.934291581,0.980191209,300,128,879,"White","TD","F",23.43,NA,1,23,21
"201","35",3,3.67513369,2.252763451,2.571014493,1.808602748,366,155,702,"White","TD","F",27.13,NA,1,23,21
"202","35",4,4.001612903,2.31649011,1.974358974,1.329877177,361,29,74,"White","TD","F",30.8,NA,1,23,21
"203","35",5,4.069659443,2.445019366,2.554179567,1.747002614,436,161,736,"White","TD","F",34.93,2,1,23,21
"204","35",6,4.239197531,2.596865508,2.381578947,2.139645232,411,156,611,"White","TD","F",39.07,NA,1,23,21
"205","36",1,3.921108742,2.376179327,1.230769231,0.575639598,281,8,16,"White","TD","F",19.2,3,3,19,13
"206","36",2,3.942164179,2.514586955,1.310344828,0.762788967,321,44,107,"White","TD","F",22.87,NA,3,19,13
"207","36",3,4.595567867,2.495954016,1.75,1.082956194,323,76,218,"White","TD","F",26.87,NA,3,19,13
"208","36",4,3.705440901,2.51850719,2.259414226,1.579042025,295,136,477,"White","TD","F",30.4,NA,3,19,13
"209","36",5,4.13740458,2.620422898,2.278761062,1.671518377,366,145,459,"White","TD","F",34.4,2,3,19,13
"210","36",6,4.388235294,2.571003242,2.56147541,1.901334593,324,165,568,"White","TD","F",38.53,NA,3,19,13
"211","37",1,4.135036496,2.563075572,0.480582524,0.722127151,381,39,337,"White","ASD","F",39.5,7,7,33,26
"212","37",2,4.054054054,2.668833892,1.343283582,1.284839717,416,100,433,"White","ASD","F",43.68,NA,7,33,26
"213","37",3,3.642411642,2.625833123,1.881266491,1.497277205,330,175,694,"White","ASD","F",47.73,NA,7,33,26
"214","37",4,5.05,2.759377949,2.515981735,2.098808168,410,148,510,"White","ASD","F",51.67,NA,7,33,26
"215","37",5,4.658802178,2.756893623,2.746875,2.228015425,407,228,815,"White","ASD","F",55.17,4,7,33,26
"216","37",6,4.240797546,2.555276865,3.077419355,2.352858204,429,217,897,"White","ASD","F",58.77,NA,7,33,26
"217","38",1,3.420974889,2.244646399,1.332278481,0.763301373,342,96,398,"White","TD","M",19.87,1,1,29,28
"218","38",2,4.073282443,2.467647903,2.172727273,1.80332567,435,142,439,"White","TD","M",24.17,NA,1,29,28
"219","38",3,4.577490775,2.647231161,2.869047619,2.421529239,420,175,825,"White","TD","M",28.07,NA,1,29,28
"220","38",4,4.169161677,2.487659582,2.647540984,2.08594882,513,195,576,"White","TD","M",32.17,NA,1,29,28
"221","38",5,4.917926566,2.721358291,3.518518519,2.542532572,447,210,800,"White","TD","M",36.13,0,1,29,28
"222","39",1,3.298747764,1.995123358,1.204301075,0.578450652,274,36,109,"White/Asian","ASD","F",33.2,11,11,26,19
"223","39",2,2.76097561,1.868812681,1.257142857,0.69045977,277,55,126,"White/Asian","ASD","F",37.37,NA,11,26,19
"224","39",3,3.607664234,2.134461679,1.888,1.089704547,327,51,232,"White/Asian","ASD","F",41.73,NA,11,26,19
"225","39",4,3.714555766,2.132606666,1.7,1.037625494,302,36,135,"White/Asian","ASD","F",45.33,NA,11,26,19
"226","39",5,2.902088773,1.919277176,1.651162791,0.927204374,321,90,340,"White/Asian","ASD","F",48.63,11,11,26,19
"227","39",6,4.100706714,2.162669025,1.644736842,1.188806869,330,55,110,"White/Asian","ASD","F",53.63,NA,11,26,19
"228","40",1,2.997050147,2.202838776,1.01754386,0.131286224,252,9,58,"Lebanese","ASD","F",24.9,13,13,27,13
"229","40",2,2.900837989,2.015290536,1.219512195,0.591767167,295,52,148,"Lebanese","ASD","F",32.2,NA,13,27,13
"230","40",3,3.723664122,2.151152081,2.070422535,1.150512566,346,134,404,"Lebanese","ASD","F",34,NA,13,27,13
"231","40",4,3.812929849,2.397430554,2.99,1.989949748,430,180,493,"Lebanese","ASD","F",NA,NA,13,27,13
"232","40",6,3.926928281,2.532082138,2.15862069,1.838949708,417,170,571,"Lebanese","ASD","F",46.4,NA,13,27,13
"233","41",1,3.09314587,2.362590424,1.026200873,0.279134617,333,32,235,"White","TD","F",19.23,0,0,25,17
"234","41",2,3.751332149,2.227387458,1.197424893,0.651569432,404,97,264,"White","TD","F",23.07,NA,0,25,17
"235","41",3,4.050505051,2.410514583,1.908629442,1.298877551,304,127,352,"White","TD","F",28.47,NA,0,25,17
"236","41",4,4.118790497,2.493389326,2.23255814,1.642986635,366,151,434,"White","TD","F",32.07,NA,0,25,17
"237","41",5,3.969147005,2.446700619,2.289230769,1.803255439,415,187,651,"White","TD","F",35.67,0,0,25,17
"238","41",6,4.06147541,2.517217652,2.852631579,1.957272114,397,213,702,"White","TD","F",39.93,NA,0,25,17
"239","42",1,4.033333333,2.460372806,1.303448276,0.781899878,373,47,176,"White","TD","F",19.37,0,0,24,19
"240","42",2,4.100166945,2.497407665,2.004672897,1.379074807,368,124,423,"White","TD","F",NA,NA,0,24,19
"241","42",3,4.05704698,2.430945767,2.491103203,2.136138597,367,155,604,"White","TD","F",28.9,NA,0,24,19
"242","42",4,4.611246944,2.590743474,3.830039526,2.388784482,339,193,820,"White","TD","F",32.07,NA,0,24,19
"243","42",5,3.921443737,2.453860176,3.774907749,2.596669292,358,213,875,"White","TD","F",36.4,0,0,24,19
"244","42",6,3.391525424,2.517921401,3.072796935,2.51860271,357,219,719,"White","TD","F",40.13,NA,0,24,19
"245","43",1,3.34141791,2.073518408,1.914498141,1.303460446,271,101,450,"White","ASD","F",37.03,14,14,42,27
"246","43",2,3.505582137,2.210865752,1.983221477,1.507159766,309,170,536,"White","ASD","F",42.77,NA,14,42,27
"247","43",3,3.573573574,2.350290665,2.305389222,1.796134377,331,221,1023,"White","ASD","F",46.23,NA,14,42,27
"248","43",4,3.90521327,2.364933659,2.683783784,1.990519899,390,243,822,"White","ASD","F",49.3,NA,14,42,27
"249","43",5,4.232258065,2.305867284,2.866504854,2.185376024,396,262,1054,"White","ASD","F",53.4,11,14,42,27
"250","43",6,4.250853242,2.59696744,2.679487179,1.897998877,374,219,921,"White","ASD","F",57.37,NA,14,42,27
"251","44",1,3.088757396,2.09865455,1.259259259,0.438228132,275,9,68,"White","TD","F",19.77,3,3,30,20
"252","44",2,3.445544554,2.325388278,1.304347826,1.080852426,271,52,120,"White","TD","F",23.63,NA,3,30,20
"253","44",3,4.106212425,2.644376474,2.231343284,1.742421454,300,102,528,"White","TD","F",27.67,NA,3,30,20
"254","44",4,4.256790123,2.528501155,2.537037037,2.484865023,302,122,378,"White","TD","F",32.07,NA,3,30,20
"255","44",5,4.113846154,2.521774523,3.2,2.780354361,307,131,433,"White","TD","F",35.83,1,3,30,20
"256","45",1,2.776180698,1.904605731,0.558441558,0.781166402,258,20,91,"White","TD","F",20.03,5,5,24,20
"257","45",2,3.171717172,2.147304648,0.905172414,0.991154397,288,41,165,"White","TD","F",24.68,NA,5,24,20
"258","45",3,3.395899054,2.103635631,1.172268908,1.148504645,370,95,354,"White","TD","F",28.63,NA,5,24,20
"259","45",4,4.019927536,2.302637428,1.76,1.415846822,424,108,433,"White","TD","F",32.77,NA,5,24,20
"260","45",5,4.329809725,2.311177767,2.255813953,1.965907368,418,142,502,"White","TD","F",36.7,10,5,24,20
"261","46",1,4.883966245,2.773677563,1.166666667,0.5,387,10,63,"White","ASD","F",36.73,20,20,21,9
"262","46",2,3.830795262,2.571179431,1.225806452,0.489217771,392,6,38,"White","ASD","F",41.5,NA,20,21,9
"263","46",3,2.821782178,2.096182478,1,0,245,2,3,"White","ASD","F",45.57,NA,20,21,9
"264","46",4,2.377171216,2.05306161,1.12,0.587877538,203,11,55,"White","ASD","F",50.23,NA,20,21,9
"265","46",5,3.637964775,2.443900304,1,0,344,1,32,"White","ASD","F",54.33,17,20,21,9
"266","46",6,3.460547504,2.287078953,1.161016949,0.431205228,351,10,137,"White","ASD","F",57.43,NA,20,21,9
"267","47",1,3.943005181,2.384506398,1.076142132,0.30107985,260,13,212,"White","TD","M",20.03,0,0,27,20
"268","47",2,4.18344519,2.589324795,2.248148148,1.71526272,295,128,571,"White","TD","M",24.4,NA,0,27,20
"269","47",3,3.960264901,2.31955159,2.289361702,1.608915856,364,149,486,"White","TD","M",29.53,NA,0,27,20
"270","47",4,4.190697674,2.622072139,3.162241888,2.282469227,343,211,973,"White","TD","M",32.13,NA,0,27,20
"271","47",5,3.673417722,2.39877125,2.73880597,2.181773565,315,131,304,"White","TD","M",39.1,NA,0,27,20
"272","47",6,4.676100629,2.442829556,2.76,2.025438224,322,34,61,"White","TD","M",40.37,NA,0,27,20
"273","48",1,3.76552795,2.329794436,1.25,0.612372436,303,17,40,"White","ASD","F",31.63,17,17,28,10
"274","48",2,3.555803571,2.154006292,1,0,272,2,4,"White","ASD","F",37.2,NA,17,28,10
"275","48",4,3.33911368,2.015506358,1,0,280,1,45,"White","ASD","F",43.63,NA,17,28,10
"276","48",5,3.162554427,2.025166016,1.41025641,0.990155355,369,79,255,"White","ASD","F",52.77,17,17,28,10
"277","48",6,3.370093458,2.089905196,1.473451327,0.868170459,319,98,306,"White","ASD","F",NA,NA,17,28,10
"278","49",1,4.030075188,2.695786696,1.425837321,1.023878727,255,73,286,"White","TD","F",23.07,0,0,27,27
"279","49",2,4.745238095,2.569852912,2.496774194,1.757469565,408,126,356,"White","TD","F",27.47,NA,0,27,27
"280","49",3,4.737127371,2.743556805,3.112449799,1.990793474,323,151,671,"White","TD","F",31.63,NA,0,27,27
"281","49",4,4.880239521,2.722279767,3.480952381,2.573143167,340,229,684,"White","TD","F",35.63,NA,0,27,27
"282","49",5,5.743772242,2.723008333,3.537142857,2.669947641,425,209,586,"White","TD","F",39.47,0,0,27,27
"283","49",6,5.247093023,2.7332987,3.595,2.406444473,383,217,646,"White","TD","F",43.4,NA,0,27,27
"284","50",1,3.704109589,2.276770024,1.1,0.489897949,265,8,43,"White","ASD","F",37.47,19,19,17,10
"285","50",2,3.563356164,2.464701426,1.362831858,0.798914606,381,20,147,"White","ASD","F",42.2,NA,19,17,10
"286","50",3,3.979949875,2.665964631,1.166666667,0.592461054,368,27,77,"White","ASD","F",46.37,NA,19,17,10
"287","50",4,4.009933775,2.733754059,1,0,358,1,70,"White","ASD","F",52.13,NA,19,17,10
"288","50",5,3.86440678,2.599313925,0,0,364,0,0,"White","ASD","F",57.2,17,19,17,10
"289","50",6,3.886842105,2.583415839,1.333333333,0.745355993,370,4,8,"White","ASD","F",62.4,NA,19,17,10
"290","51",1,3.435742972,2.257714919,1.181818182,0.457565723,331,7,38,"Asian","TD","M",20.87,1,1,22,14
"291","51",2,4.073349633,2.339100778,1.197674419,0.566912639,309,20,97,"Asian","TD","M",25.4,NA,1,22,14
"292","51",3,4.022624434,2.29684702,1.552941176,0.939410107,333,56,122,"Asian","TD","M",29.67,NA,1,22,14
"293","51",4,4.137014315,2.600857197,3.028985507,2.349659331,363,112,348,"Asian","TD","M",34.43,NA,1,22,14
"294","51",5,5.185941043,2.686471033,2.921568627,2.131400509,388,108,238,"Asian","TD","M",37.67,3,1,22,14
"295","51",6,5.153638814,2.756146079,2.761290323,2.146516671,383,140,395,"Asian","TD","M",42.1,NA,1,22,14
"296","52",1,5.34422658,2.917012006,1.408695652,0.843343781,441,92,319,"White","TD","F",22.57,0,0,29,22
"297","52",2,4.567328918,2.776118778,1.735955056,1.123272425,415,122,298,"White","TD","F",26.63,NA,0,29,22
"298","52",3,5.288990826,2.867721003,3.303754266,2.271627846,474,200,897,"White","TD","F",30.77,NA,0,29,22
"299","52",4,5.338461538,2.885117905,3.07755102,2.265559831,554,177,642,"White","TD","F",35.03,NA,0,29,22
"300","52",5,4.983388704,2.948008474,2.832167832,2.293151903,563,219,723,"White","TD","F",38.6,0,0,29,22
"301","52",6,5.587332054,2.899558637,2.429292929,1.998117929,548,163,436,"White","TD","F",43.03,NA,0,29,22
"302","53",1,4.159159159,2.509181078,1.939716312,1.260382664,236,120,473,"White","TD","F",23.9,0,0,30,30
"303","53",2,4.557471264,2.480875457,3.217948718,2.000944879,197,126,449,"White","TD","F",28.6,NA,0,30,30
"304","53",3,4.078291815,2.509964186,3.131355932,2.255809793,219,152,660,"White","TD","F",32.5,NA,0,30,30
"305","53",4,4.458937198,2.765733181,3.634069401,2.377305987,232,217,978,"White","TD","F",36.4,NA,0,30,30
"306","53",5,4.857142857,2.619024835,3.822580645,2.490460468,278,217,814,"White","TD","F",40.07,0,0,30,30
"307","53",6,3.706790123,2.400581888,3.243902439,2.224554266,249,102,358,"White","TD","F",44.43,NA,0,30,30
"308","54",1,3.48787062,2.432204982,1.313953488,0.766472256,214,32,109,"White","TD","F",19.1,1,1,24,22
"309","54",2,3.60988075,2.449372444,2.046666667,1.480255233,352,88,287,"White","TD","F",23.17,NA,1,24,22
"310","54",3,4.298666667,2.406961755,2.330935252,1.615520449,299,85,261,"White","TD","F",27.07,NA,1,24,22
"311","54",4,3.819960861,2.452458489,3.406504065,1.899239892,332,153,694,"White","TD","F",30.83,NA,1,24,22
"312","54",5,3.75,2.519183158,3.607287449,2.34383236,394,244,725,"White","TD","F",35.17,0,1,24,22
"313","54",6,4.18616145,2.590682759,2.892156863,2.2158381,437,183,517,"White","TD","F",39.3,NA,1,24,22
"314","55",1,3.509138381,2.189291536,1.184615385,0.387985237,178,11,154,"White","TD","F",19.97,0,0,26,17
"315","55",2,3.789634146,2.262151978,1.79020979,1.06339703,219,70,244,"White","TD","F",23.93,NA,0,26,17
"316","55",3,4.231362468,2.443804073,2.493243243,1.576845215,292,168,672,"White","TD","F",28.03,NA,0,26,17
"317","55",4,4.177339901,2.596526444,2.862068966,1.964133987,318,205,1051,"White","TD","F",32.03,NA,0,26,17
"318","55",6,3.957230143,2.53774032,2.909274194,2.178948649,367,260,1294,"White","TD","F",41.93,NA,0,26,17
"319","56",1,2.548969072,1.706619607,1.044444444,0.206080411,195,9,47,"White","ASD","F",35.5,14,14,27,11
"320","56",2,3.430641822,2.235802458,1,0,285,1,19,"White","ASD","F",39.4,NA,14,27,11
"321","56",3,2.963302752,1.933417403,1.75,1.089724736,252,9,14,"White","ASD","F",44.47,NA,14,27,11
"322","56",6,3.474725275,2.095237583,1.058823529,0.235294118,284,6,36,"White","ASD","F",NA,NA,14,27,11
"323","57",1,3.833769634,2.417727055,0,0,386,0,0,"White","ASD","M",41.07,15,15,28,10
"324","57",2,3.688477952,2.267582376,1,0,389,1,44,"White","ASD","M",41.07,NA,15,28,10
"325","57",3,4.145588235,2.146332976,0.162162162,0.822439138,542,3,41,"White","ASD","M",49.97,NA,15,28,10
"326","57",4,3.536414566,1.994233009,0,0,400,1,1,"White","ASD","M",53.9,NA,15,28,10
"327","57",5,3.693846154,2.122435243,0.2,0.4,435,3,30,"White","ASD","M",58.27,13,15,28,10
"328","57",6,3.241421569,2.096168292,0.015625,0.124019593,444,2,64,"White","ASD","M",61.7,NA,15,28,10
"329","58",1,2.747099768,1.853343298,1.180904523,0.445454075,338,98,233,"White","ASD","F",26,15,15,30,24
"330","58",2,3.372319688,2.209269388,1.443298969,0.861179629,260,78,260,"White","ASD","F",30.1,NA,15,30,24
"331","58",3,3.774030354,2.105849905,1.8,1.267599507,346,153,393,"White","ASD","F",34.27,NA,15,30,24
"332","58",4,3.471509972,2.123310523,2.012779553,1.510293628,359,144,574,"White","ASD","F",38.2,NA,15,30,24
"333","58",5,3.29068323,2.150828274,1.759146341,1.290174597,360,158,531,"White","ASD","F",42.3,16,15,30,24
"334","58",6,3.32,1.990376849,2.155339806,1.54390302,335,197,618,"White","ASD","F",46.07,NA,15,30,24
"335","59",1,3.432387312,2.124274082,1.183006536,1.031769269,345,62,244,"White","TD","F",20.8,4,4,29,22
"336","59",2,4.001724138,2.431474037,1.77092511,1.496086092,334,120,401,"White","TD","F",25.87,NA,4,29,22
"337","59",3,4.21040724,1.994013737,2.115789474,1.924157549,257,101,424,"White","TD","F",29.67,NA,4,29,22
"338","59",4,4.69762419,2.404849037,2.714828897,2.119627781,330,157,637,"White","TD","F",33.6,NA,4,29,22
"339","59",5,4.424836601,2.286722528,2.603846154,1.945602689,341,132,636,"White","TD","F",37.34,5,4,29,22
"340","59",6,4.113157895,2.37206007,2.848,2.169077223,303,158,659,"White","TD","F",41,NA,4,29,22
"341","60",1,3.604139715,2.55011015,2.876344086,1.917878412,400,149,469,"White","ASD","F",34,13,13,30,30
"342","60",2,4.604340568,2.56183258,2.784,2.21480112,413,149,670,"White","ASD","F",38.63,NA,13,30,30
"343","60",3,4.907590759,2.667128183,4.131868132,2.436935525,459,196,698,"White","ASD","F",42.47,NA,13,30,30
"344","60",4,4.085409253,2.536530386,3.359832636,2.479248092,539,214,693,"White","ASD","F",47,NA,13,30,30
"345","60",5,4.223572296,2.645719783,2.965517241,2.166878553,521,145,357,"White","ASD","F",51.13,15,13,30,30
"346","60",6,4.080445545,2.591821447,3.441558442,2.43438663,505,226,713,"White","ASD","F",54.73,NA,13,30,30
"347","61",1,3.030405405,2.1075206,1.0375,0.189983552,303,15,166,"White","ASD","F",42,15,15,27,16
"348","61",2,3.302663438,2.126260953,1.099099099,0.394137709,250,48,356,"White","ASD","F",46.77,NA,15,27,16
"349","61",3,4.520325203,2.39698182,1.582857143,1.137788761,313,70,254,"White","ASD","F",50.63,NA,15,27,16
"350","61",4,3.312387792,2.12180461,1.320422535,0.847202416,348,61,334,"White","ASD","F",54.13,NA,15,27,16
"351","61",5,2.96592845,1.958391097,1.668896321,1.490461013,320,122,511,"White","ASD","F",58.57,15,15,27,16
"352","61",6,3.514403292,2.24038833,1.401234568,0.912599574,311,58,210,"White","ASD","F",62.33,NA,15,27,16
